0.1 0.08224414 0.07591912 0.1068191 
0.1 0.09168496 0.08296127 0.09140649 
0.1 0.08316673 0.07918189 0.08554416 
0.1 0.09001763 0.08393642 0.09223617 
0.1 0.07826793 0.07266168 0.07555009 
0.1 0.08022849 0.07563994 0.08753826 
0.1 0.07872396 0.07264627 0.08225309 
0.1 0.08560348 0.08286202 0.09291736 
0.1 0.08215428 0.07332299 0.09596146 
0.1 0.08186577 0.07359714 0.09317528 
0.1 0.08635139 0.08018254 0.08303564 
0.1 0.08030665 0.07856837 0.08974932 
0.1 0.08594536 0.07980256 0.09493456 
0.1 0.08474472 0.07742317 0.08584721 
0.1 0.08241775 0.07519833 0.08049162 
0.1 0.08184702 0.07548459 0.0987652 
0.1 0.08551474 0.07671877 0.08441948 
0.1 0.08641539 0.08220763 0.1008323 
0.1 0.08358156 0.07606805 0.1524979 
0.1 0.07950677 0.0724326 0.08555702 
0.1 0.07658269 0.07213871 0.08206716 
0.1 0.08195103 0.07288172 0.07954444 
0.1 0.083363 0.07307244 0.08521469 
0.1 0.07945617 0.07630775 0.08265622 
0.1 0.08546669 0.07942784 0.09297173 
0.1 0.08392674 0.07972466 0.09238332 
0.1 0.08370025 0.07426973 0.08606895 
0.1 0.08293723 0.07487407 0.1835086 
0.1 0.07759698 0.07209064 0.4925761 
0.1 0.09194157 0.08760674 0.08955379 
0.1 0.08165389 0.07621684 0.08690166 
0.1 0.07894061 0.07571596 0.07765501 
0.1 0.08347436 0.0764843 0.09310483 
0.1 0.086781 0.07742786 0.1411641 
0.1 0.09005402 0.08159342 0.1145927 
0.1 0.08403285 0.08002591 0.08717229 
0.1 0.08574239 0.08007727 0.1536282 
0.1 0.08234384 0.07701649 0.0833374 
0.1 0.08432505 0.0767248 0.08151404 
0.1 0.08388002 0.08015514 0.08174951 
0.1 0.0815758 0.07539944 0.08943363 
0.1 0.0838891 0.07374989 0.07701004 
0.1 0.08167266 0.07728067 0.1035838 
0.1 0.08379164 0.07517026 0.07790653 
0.1 0.08706026 0.08124334 0.08504183 
0.1 0.08099479 0.07415301 0.0886546 
0.1 0.08384942 0.07365317 0.08580427 
0.1 0.08205165 0.07601746 0.07861265 
0.1 0.08022436 0.07500958 0.8432273 
0.1 0.08349963 0.07724633 0.07634129 
0.1 0.08313942 0.07991069 0.09674679 
0.1 0.07780179 0.07417933 0.1454179 
0.1 0.07979506 0.07508349 0.09759787 
0.1 0.07614571 0.07368924 0.07915554 
0.1 0.08582524 0.07881976 0.09012188 
0.1 0.08484772 0.07884613 0.08171238 
0.1 0.07961035 0.07834973 0.08688139 
0.1 0.0888618 0.07852182 0.08131196 
0.1 0.07243547 0.06978712 0.07432468 
0.1 0.08444637 0.08121796 0.08541328 
0.1 0.08155876 0.07689008 0.4869557 
0.1 0.07398805 0.06658904 0.07075003 
0.1 0.08025913 0.07761075 0.0787545 
0.1 0.08099373 0.07092427 0.08935916 
0.1 0.0790963 0.07309373 0.08728262 
0.1 0.08797035 0.07836938 0.09839214 
0.1 0.08155245 0.07605349 0.08542972 
0.1 0.08057713 0.07465737 0.09875082 
0.1 0.08569109 0.07734173 0.09205418 
0.1 0.08095909 0.07376953 0.2254009 
0.1 0.08135195 0.07634978 0.07991345 
0.1 0.08785412 0.08266269 0.08472478 
0.1 0.08808574 0.0794178 0.08382652 
0.1 0.08657869 0.08095256 0.08618994 
0.1 0.0814758 0.07609291 2.382332 
0.1 0.0864564 0.07787856 0.09990575 
0.1 0.0792406 0.07097648 0.07912206 
0.1 0.08633474 0.0789403 0.08633034 
0.1 0.08170395 0.07517027 0.08656908 
0.1 0.07952493 0.07416296 0.08500908 
0.1 0.08361245 0.07463269 0.2768198 
0.1 0.08299949 0.07693161 0.08616707 
0.1 0.08211152 0.0757316 0.4909137 
0.1 0.0779273 0.07654555 0.08370788 
0.1 0.08751597 0.08125547 0.08381666 
0.1 0.07965712 0.07390529 0.1224374 
0.1 0.08322368 0.07923058 0.4636892 
0.1 0.0795458 0.07199093 0.08089472 
0.1 0.07929653 0.07296887 0.1566634 
0.1 0.08712006 0.08002754 0.09292073 
0.1 0.08679788 0.07862756 0.08650631 
0.1 0.08424831 0.07830698 0.1098505 
0.1 0.07819871 0.07544892 0.08754177 
0.1 0.07529479 0.07217612 0.09685578 
0.1 0.08767009 0.07787316 0.1583689 
0.1 0.07666425 0.07316185 0.0784316 
0.1 0.07939809 0.07501055 0.08793179 
0.1 0.08820654 0.07854891 0.09472939 
0.2 0.08419237 0.08042566 0.08721932 
0.2 0.08377606 0.08342005 0.09744294 
0.2 0.08485172 0.0841704 0.09759055 
0.2 0.08288731 0.08259517 0.09711138 
0.2 0.0855549 0.08287803 0.0925283 
0.2 0.08367447 0.07706491 0.08109151 
0.3 0.0864199 0.08858889 0.09781501 
0.3 0.08877376 0.08600096 0.0884332 
0.3 0.09182188 0.08888313 0.4638886 
0.2 0.08289875 0.08006063 0.0920721 
0.2 0.08532934 0.08041106 0.1002607 
0.2 0.08523136 0.0843418 0.09502249 
0.3 0.0905716 0.08515726 0.2796023 
0.2 0.08378757 0.07935982 0.09922394 
0.2 0.08928698 0.08453202 0.09060881 
0.2 0.08277694 0.08282262 0.1104705 
0.2 0.08716728 0.0854403 0.09978618 
0.2 0.08707522 0.08578181 0.1144683 
0.2 0.0891118 0.08323713 0.09422707 
0.2 0.08594731 0.08034446 6.22189 
0.2 0.08629284 0.08072051 0.08144513 
0.2 0.08655948 0.08499309 0.09375164 
0.3 0.421411 0.08640279 0.08696184 
0.2 0.08481587 0.07902682 0.08126448 
0.2 0.08991084 0.0825215 0.0873871 
0.2 0.08646126 0.08310098 0.107081 
0.2 0.08262624 0.07619378 0.08442541 
0.2 0.08538799 0.08122156 0.08621083 
0.2 0.09146467 0.08585795 0.1011329 
0.2 0.08433944 0.07933854 0.08211255 
0.2 0.08899938 0.08264751 0.1032604 
0.2 0.08592222 0.08228969 0.1448054 
0.2 0.08652574 0.08234381 0.08526281 
0.2 0.08758875 0.0830916 0.09111268 
0.2 0.08733743 0.08232289 0.1002755 
0.2 0.08606174 0.08383506 0.09653683 
0.2 0.0847545 0.07808464 0.09063575 
0.2 0.08907086 0.08755354 0.1044478 
0.2 0.08687736 0.08086917 0.09379674 
0.2 0.08642287 0.08226057 0.09169384 
0.2 0.08469759 0.07938992 0.08712574 
0.2 0.08390666 0.08103138 0.08973739 
0.2 0.08369237 0.07964792 0.0976057 
0.2 0.08699873 0.08327967 0.08829868 
0.2 0.08470737 0.08201987 0.09483738 
0.2 0.08532952 0.08220676 0.08613711 
0.3 0.3694064 0.08284435 0.09144335 
0.2 0.08556048 0.08188762 0.0841789 
0.2 0.08578528 0.08081016 0.08205833 
0.2 0.08904767 0.08527946 0.09181102 
0.2 0.08147148 0.07901738 0.09609402 
0.2 0.08466804 0.08040322 0.1053032 
0.2 0.08879305 0.07952574 0.1072185 
0.2 0.08201677 0.08083624 0.08373422 
0.2 0.08797303 0.08497165 0.1069531 
0.2 0.08881812 0.0836662 0.09355838 
0.2 0.084551 0.08456416 0.08919486 
0.2 0.0838164 0.0817059 0.09286424 
0.2 0.0833327 0.08213524 0.1287384 
0.2 0.08361072 0.0773392 0.156328 
0.2 0.08513702 0.07890717 0.0993637 
0.2 0.08681341 0.08523762 0.1068085 
0.2 0.08048241 0.0801441 0.09292606 
0.2 0.08110372 0.07681297 0.1130236 
0.2 0.08761191 0.08613506 0.08914257 
0.2 0.08413523 0.08194091 0.142444 
0.2 0.08361378 0.08311908 0.08763441 
0.2 0.08739761 0.08277082 0.08672284 
0.2 0.08212045 0.08039805 0.09532874 
0.2 0.08318455 0.08133597 0.0822596 
0.2 0.08828415 0.08080963 0.0919028 
0.2 0.08699631 0.08643978 0.09026883 
0.2 0.08743485 0.08288322 0.09126621 
0.2 0.0840382 0.08025382 0.1970492 
0.2 0.08491786 0.07969116 0.08765474 
0.2 0.08066414 0.07599245 0.09464998 
0.2 0.0892854 0.08624579 0.08505066 
0.2 0.08522895 0.08232528 0.08959574 
0.2 0.08355019 0.07827057 0.08863657 
0.2 0.0805739 0.07607236 0.08711265 
0.2 0.08643142 0.08126808 0.1363655 
0.2 0.08156298 0.07844767 0.1081095 
0.2 0.09095836 0.08573578 0.09397918 
0.2 0.08810826 0.0849099 0.08755434 
0.2 0.08266732 0.0815965 0.09436798 
0.2 0.08774464 0.08366154 0.08560692 
0.2 0.08213581 0.07895074 0.09589518 
0.3 0.08661644 0.08914782 46.4874 
0.2 0.08222758 0.08261504 0.08407254 
0.2 0.08494255 0.08397967 0.08841707 
0.2 0.08298218 0.07967067 0.09531834 
0.3 0.08746845 0.08792717 0.09934047 
0.2 0.08544216 0.0822451 0.08663803 
0.2 0.08986633 0.08755498 0.09395581 
0.2 0.08066272 0.07908157 0.08675033 
0.2 0.08406372 0.07898123 0.136604 
0.2 0.0871751 0.08215853 0.09070498 
0.2 0.08611601 0.08234053 0.09914442 
0.2 0.08338865 0.0785285 0.09743127 
0.2 0.08350379 0.08233223 0.09270873 
0.2 0.08393552 0.0809787 0.1493261 
0.2 0.09367877 0.08490726 0.0995161 
0.2 0.08359358 0.079401 0.09088967 
0.2 0.08745954 0.08458136 0.08981276 
0.2 0.09034763 0.08463248 0.09266716 
0.4 0.09089852 0.09324835 0.1001313 
0.4 0.09145986 0.08891776 0.09500105 
0.4 0.09237403 0.09197248 0.09320635 
0.4 0.09352906 0.0958575 0.2749927 
0.3 0.08776376 0.08758884 0.1009683 
0.3 0.0904487 0.08790206 0.09371863 
0.3 0.08780837 0.08658563 0.1054981 
0.3 0.08907587 0.08580099 0.09505068 
0.5 0.0974102 0.09908985 0.2242797 
0.3 0.08576936 0.08538311 0.08810573 
0.5 0.09998329 0.10236 0.1061255 
0.5 0.09902339 0.1022656 0.1114868 
0.4 0.1010959 0.09417433 0.09999908 
0.4 0.09282309 0.09484195 0.4020088 
0.5 0.09869331 0.1027548 0.1171882 
0.3 0.08621105 0.08371273 0.09401851 
0.3 0.08680504 0.08298872 0.08829111 
0.4 0.09621189 0.09215228 0.09737089 
0.3 0.08827982 0.08614304 0.08934038 
0.3 0.08808704 0.08701917 0.09043534 
0.3 0.08507867 0.08251765 0.08540954 
0.4 0.09368651 0.09171656 0.101726 
0.3 0.09016282 0.08790831 0.09473705 
0.6 0.1038799 0.1109463 0.1136685 
0.3 0.08626593 0.08197076 0.09422156 
0.3 0.09017272 0.08654091 0.09057657 
0.3 0.08761934 0.08685261 1.302081 
0.3 0.09654559 0.08682833 10.10459 
0.6 0.1009937 0.1063756 0.1361442 
0.3 0.08646242 0.08510628 0.09341099 
0.6 0.1018534 0.1018774 0.1097317 
0.3 0.08898105 0.08674612 0.09491449 
0.3 0.0857674 0.08587601 0.0927455 
0.3 0.08984283 0.08890314 0.1649858 
0.3 0.08502021 0.08516246 0.08438864 
0.3 0.08499564 0.08446742 0.1009565 
0.3 0.08867069 0.0836679 0.08812538 
0.3 0.09045557 0.08566231 0.09558361 
0.3 0.08949221 0.09061765 0.09099873 
0.3 0.08452036 0.0836458 0.09082197 
0.3 0.08620631 0.08598489 0.0877932 
0.3 0.08714202 0.08481357 0.09358886 
0.3 0.08991381 0.08932881 0.08980944 
0.3 0.08783816 0.08863238 0.2608467 
0.3 0.08800265 0.08779358 0.09619188 
0.3 0.09080151 0.08936068 0.09007818 
0.3 0.0860235 0.08266557 4.973537 
0.3 0.08646539 0.08326264 0.09411318 
0.3 0.08980094 0.08885189 0.08957942 
0.3 0.08643398 0.08527581 0.09241318 
0.3 0.08694307 0.08585883 0.1027216 
0.3 0.08598628 0.08374927 0.1012093 
0.3 0.08560036 0.08600864 0.09695712 
0.3 0.08721049 0.0887679 0.09407206 
0.3 0.09097679 0.08647426 0.09867318 
0.3 0.08518837 0.08321299 0.1623488 
0.3 0.09170422 0.0878061 0.08896304 
0.3 0.09254826 0.08592832 0.2758825 
0.3 0.09268189 0.08790153 0.2761842 
0.3 0.08337199 0.08036938 0.4011186 
0.3 0.0872352 0.08274236 0.08800409 
0.3 0.08813336 0.08497273 0.08990102 
0.3 0.0872476 0.08558974 0.08936634 
0.3 0.08647623 0.08242797 0.5195134 
0.3 0.08970792 0.0885519 0.09495975 
0.3 0.0879319 0.08792892 0.0885523 
0.3 0.09112628 0.08797712 0.09215087 
0.3 0.08601591 0.08657209 0.08781297 
0.3 0.08543074 0.08498246 0.0892653 
0.3 0.09012267 0.08816994 0.09190157 
0.3 0.08698281 0.08607779 0.09241066 
0.3 0.08688127 0.08705999 0.2432341 
0.3 0.08778523 0.08837777 0.1970927 
0.3 0.09129681 0.08539634 0.09449146 
0.3 0.08958644 0.0883274 0.1231685 
0.3 0.08636176 0.08371448 0.09333679 
0.3 0.08514463 0.08480058 0.08731845 
0.3 0.09130663 0.08527041 0.09472514 
0.3 0.08677502 0.08586525 0.09207894 
0.3 0.09163771 0.08836482 0.0955296 
0.3 0.08747134 0.08381711 0.1000467 
0.3 0.08367829 0.08242954 0.08368865 
0.3 0.08849068 0.08772827 0.08757731 
0.3 0.09078559 0.09036486 0.1376067 
0.3 0.09418903 0.09185252 0.099892 
0.3 0.0933112 0.0887089 0.09561184 
0.3 0.08724616 0.08455734 0.08723029 
0.3 0.09018793 0.08694766 0.09212074 
0.3 0.08685512 0.0849852 0.1553441 
0.3 0.08996947 0.08691443 0.09497412 
0.3 0.09242668 0.08754378 0.09979172 
0.3 0.09330103 0.0909509 0.09325658 
0.3 0.09001672 0.08948391 0.0918471 
0.3 0.09132603 0.08461247 0.1033268 
0.3 0.08620449 0.08453245 0.1070549 
0.3 0.09000823 0.08684616 19.72256 
0.3 0.08853728 0.08714199 0.09659998 
0.3 0.08635326 0.08639363 0.1133393 
0.3 0.08529868 0.0835361 0.09421637 
0.3 0.0880413 0.08553405 0.1170941 
0.3 0.08980487 0.0924265 0.09566045 
0.3 0.08695595 0.08867164 0.09207823 
0.3 0.08744978 0.08519937 0.09672826 
0.6 0.1025859 0.1061961 0.1100763 
0.3 0.08980056 0.08845559 0.0934443 
0.5 0.1017702 0.09613618 0.1072068 
0.5 0.1001807 0.09714042 0.1072697 
0.4 0.092146 0.09119013 0.1046993 
0.4 0.09209901 0.0934203 0.09853435 
0.4 0.09262257 0.09325176 0.0970268 
0.4 0.09355973 0.09231947 0.09523625 
0.4 0.09089216 0.09412069 0.2798558 
0.5 0.09833132 0.1004679 0.1066623 
0.4 0.09558564 0.09255018 0.09695202 
0.4 0.0908379 0.09045018 0.100256 
0.5 0.09901536 0.09769444 0.1046245 
0.6 0.104368 0.1109006 0.1167401 
0.6 0.1047433 0.1062229 0.272675 
0.4 0.09173824 0.09183227 0.2744845 
0.4 0.09414973 0.09224928 0.09684811 
0.4 0.09114749 0.09022697 0.09258753 
0.4 0.09006218 0.08809676 0.2729113 
0.5 0.1006144 0.1000463 0.1250809 
0.4 0.09058816 0.08953185 0.09570462 
0.4 0.09342277 0.09238318 0.102958 
0.4 0.08796867 0.09176917 0.09463661 
0.4 0.09299673 0.09316665 0.1076411 
0.5 0.09343838 0.09580495 0.1142148 
0.4 0.09236821 0.0937831 0.1057277 
0.5 0.0944448 0.09335464 0.1086533 
0.5 0.09516426 0.09815827 0.1043777 
0.4 0.09188245 0.0889233 0.1026134 
0.4 0.09201985 0.08972209 0.09736714 
0.4 0.09690962 0.09374321 0.1292224 
0.4 0.09348722 0.09142847 0.1005414 
0.5 0.09562288 0.0979455 0.1119133 
0.4 0.09326616 0.09249774 0.09529674 
0.4 0.09148238 0.09298586 0.1125448 
0.4 0.09669942 0.09495687 6.13363 
0.4 0.09324187 0.09504392 0.09839299 
0.4 0.09102718 0.08937763 0.09941545 
0.4 0.09346772 0.09452069 0.09729995 
0.4 0.0925109 0.09391389 0.1141426 
0.4 0.0909021 0.09100504 0.09746017 
0.4 0.09212131 0.09296636 0.1056801 
0.4 0.09286446 0.09411306 0.102007 
0.4 0.09236528 0.09251509 0.09969635 
0.4 0.09141741 0.08869228 0.09633153 
0.4 0.0914951 0.09359246 0.103809 
0.4 0.09282526 0.09084755 0.1021527 
0.4 0.09001024 0.08954418 0.1000565 
0.4 0.09295311 0.09200914 0.1106343 
0.4 0.08929275 0.09073132 0.09052775 
0.4 0.0970733 0.09407153 0.9334963 
0.4 0.09765452 0.09650393 0.1045807 
0.4 0.09376265 0.09641038 0.2799584 
0.4 0.08998973 0.09179229 0.1010982 
0.4 0.0871393 0.0881398 0.0964293 
0.5 0.4708004 0.0993146 0.1068052 
0.4 0.09815035 0.0930771 0.1313004 
0.4 0.0931028 0.090437 0.09492397 
0.4 0.08974456 0.09172456 0.0955878 
0.4 0.0905001 0.09251809 0.1017791 
0.4 0.09555801 0.09144063 0.1191957 
0.4 0.09132951 0.092038 0.09510568 
0.4 0.09213839 0.09005389 0.09853569 
0.4 0.09367921 0.09572169 0.1099368 
0.4 0.09257595 0.09107218 0.09743403 
0.4 0.09375618 0.09540413 0.1073543 
0.4 0.09264392 0.08971743 0.09523862 
0.4 0.09221819 0.09409955 0.09711763 
0.4 0.09404858 0.09330384 0.09829087 
0.4 0.09110121 0.09197318 0.09502011 
0.4 0.09539524 0.09512251 0.1085295 
0.4 0.09582051 0.09386481 0.1067159 
0.4 0.0945697 0.09166111 0.09685528 
0.4 0.08871712 0.08522394 0.1254234 
0.4 0.09093943 0.09044574 0.1151279 
0.4 0.09613944 0.09170388 0.09559667 
0.4 0.09499385 0.09181111 0.09537303 
0.4 0.08831909 0.08932249 0.0990988 
0.4 0.09555656 0.09298475 0.0993111 
0.4 0.090802 0.09057413 0.0915413 
0.4 0.09512473 0.09112141 0.1117134 
0.4 0.09538151 0.09360645 0.1109306 
0.4 0.0949041 0.09540632 0.09803941 
0.4 0.09183353 0.09400828 0.1004508 
0.4 0.09375203 0.09162946 0.2771669 
0.4 0.08890962 0.09113933 0.09403906 
0.4 0.09153439 0.09173894 0.1025642 
0.4 0.09549085 0.09138407 0.1205777 
0.4 0.08967794 0.08917824 0.09119869 
0.4 0.0922082 0.09115499 0.1100652 
0.4 0.09121395 0.09349786 0.1077162 
0.4 0.08820641 0.09109078 0.2035561 
0.4 0.08884971 0.09312894 0.09942135 
0.4 0.09695624 0.09562052 0.1697158 
0.4 0.08940552 0.09102758 0.430237 
0.4 0.09065706 0.09253833 0.1015646 
0.4 0.09483011 0.0904609 0.1039092 
0.4 0.09099625 0.09209793 0.09965046 
0.4 0.0929016 0.09026374 0.09168519 
0.4 0.09049801 0.09043219 0.09161326 
0.4 0.09462231 0.0937505 2.058419 
0.4 0.09345702 0.09274527 0.1001433 
0.4 0.09332162 0.09145926 0.09724285 
0.6 0.1034779 0.1034053 0.1093708 
0.5 0.09510712 0.09843629 0.09725057 
0.5 0.09488517 0.09619533 0.0970908 
0.6 0.1042253 0.108832 0.1102183 
0.6 0.1083487 0.10838 0.119159 
0.6 0.1103657 0.1122827 0.2718167 
0.6 0.1019888 0.1064944 0.1122303 
0.6 0.1028348 0.1058335 0.2754334 
0.5 0.09921444 0.09820133 0.1558141 
0.6 0.1048756 0.1086875 0.1446546 
0.5 0.09722555 0.09724441 0.09971888 
0.5 0.09766267 0.09848476 0.1233373 
0.5 0.09592397 0.09834819 0.1506223 
0.5 0.09619428 0.09864307 0.1210003 
0.5 0.09529895 0.102304 0.1554881 
0.5 0.09633821 0.1003909 0.1086569 
0.5 0.09736894 0.09989101 0.1145507 
0.5 0.09559938 0.09589191 0.1033822 
0.5 0.09729515 0.09900501 0.1233553 
0.5 0.09687502 0.09928773 0.1667637 
0.6 0.1067627 0.1100429 0.1176507 
0.5 0.09546039 0.09934456 0.1210211 
0.5 0.09546494 0.09740889 0.1037156 
0.5 0.09623645 0.09609354 0.1163425 
0.5 0.1054986 0.103145 0.1069871 
0.5 0.09795467 0.09589128 0.1554957 
0.5 0.09562265 0.09862908 0.1002176 
0.5 0.0984638 0.1000082 0.1062549 
0.5 0.09779757 0.1002258 0.1430513 
0.5 0.09804899 0.09743855 0.09748479 
0.5 0.09996016 0.1026285 0.1033515 
0.5 0.09493482 0.1006085 0.275173 
0.5 0.09877458 0.1011165 0.1143104 
0.5 0.09949461 0.1053007 0.1120678 
0.5 0.09442094 0.09816294 0.102489 
0.5 0.09658446 0.09515465 0.09971713 
0.5 0.09278303 0.09648937 0.103252 
0.5 0.09888883 0.09700928 0.1016603 
0.5 0.09453269 0.09953825 0.115354 
0.5 0.09652617 0.09810419 0.108382 
0.5 0.09730616 0.09590238 0.1035573 
0.5 0.09756397 0.0951487 0.1045798 
0.5 0.09557318 0.09837011 0.1237061 
0.5 0.0996674 0.101987 0.1022012 
0.5 0.09572501 0.09776943 0.1141151 
0.5 0.09753457 0.1022379 0.1071191 
0.5 0.10186 0.1004912 0.1391832 
0.5 0.09530845 0.09979958 0.1053235 
0.5 0.09757258 0.1011383 0.1172093 
0.5 0.09640663 0.09877327 7.641858 
0.5 0.09433856 0.09865088 0.1178766 
0.5 0.09642878 0.09899809 0.102397 
0.5 0.09545448 0.09846041 0.1126029 
0.5 0.09611736 0.1007087 0.1137007 
0.5 0.09491286 0.0984778 0.1046814 
0.5 0.09822153 0.09576187 0.125467 
0.5 0.09467975 0.0970811 0.1074979 
0.5 0.09569562 0.09823697 0.1099013 
0.5 0.09695649 0.09869708 0.1029537 
0.5 0.09294614 0.09596454 0.09598993 
0.5 0.09632295 0.09769038 0.1629392 
0.5 0.1003518 0.0996585 0.1110163 
0.5 0.09882585 0.09789475 0.1042865 
0.5 0.09635603 0.1074635 0.1159682 
0.5 0.09745023 0.1006786 0.1017877 
0.5 0.09754486 0.09889628 0.09765228 
0.5 0.1023502 0.09949121 0.1335039 
0.5 0.09910661 0.102253 0.1078452 
0.5 0.1002034 0.09973096 0.1176848 
0.5 0.09796871 0.09848935 0.1336412 
0.5 0.0937929 0.09698278 0.112056 
0.5 0.09703325 0.09756207 0.1113171 
0.5 0.1012718 0.1046325 0.1029095 
0.6 0.1036501 0.1100477 0.1593982 
0.5 0.09831984 0.1003411 0.1043283 
0.5 0.09700262 0.09917993 0.1154112 
0.5 0.09817937 0.1005442 0.1360371 
0.5 0.09614735 0.09830056 0.1069591 
0.5 0.09994474 0.09781754 0.1122148 
0.5 0.09768081 0.1026225 0.2803678 
0.6 0.1077058 0.1098146 0.1156565 
0.5 0.09451872 0.09868079 0.1606522
0.5 0.09912428 0.09930995 0.119288 
0.5 0.09788913 0.09896661 0.275593 
0.5 0.09925512 0.103935 0.112692 
0.5 0.09747969 0.09395455 0.1039474 
0.5 0.0952924 0.09808819 0.1160958 
0.5 0.09918705 0.09466233 0.1274441 
0.5 0.1007009 0.09928897 0.1074023 
0.5 0.09947903 0.1002688 0.10001 
0.6 0.1039683 0.107703 0.1076367 
0.6 0.1067504 0.1132801 0.2792906 
0.6 0.1094384 0.1130781 0.279819 
0.6 0.1022706 0.1087863 0.1445267 
0.6 0.1059656 0.10598 0.1153633 
0.6 0.1045029 0.1073585 0.1151216 
0.6 0.1019223 0.1098043 0.1196802 
0.6 0.1011661 0.1072984 0.1097182 
0.6 0.1010825 0.1058046 0.1100994 
0.6 0.1064137 0.1036998 0.1194787 
0.6 0.1019389 0.1065432 0.1157733 
0.6 0.1053322 0.1055417 0.1161938 
0.6 0.107513 0.1112605 0.2762098 
0.6 0.1044222 0.1036981 0.110242 
0.6 0.100715 0.1020603 0.1081464 
0.6 0.1105204 0.1117174 0.116659 
0.6 0.1092403 0.1178433 0.122596 
0.6 0.1083615 0.1124107 0.1218047 
0.6 0.1025589 0.1044017 0.1092917 
0.6 0.1030263 0.1044053 0.1096252 
0.6 0.1065618 0.1081897 0.1282064 
0.6 0.1047609 0.1084917 0.1126879 
0.6 0.1091145 0.1125846 0.1247011 
0.6 0.109059 0.1102186 0.1474939 
0.6 0.1037344 0.1081261 0.111515 
0.6 0.104983 0.1084235 0.1104224 
0.6 0.106771 0.109383 0.1166122 
0.6 0.1028289 0.1062029 0.1123938 
0.6 0.1092913 0.109325 0.1132163 
0.6 0.107284 0.1111099 0.2729036 
0.6 0.1034447 0.1056762 0.1171212 
0.6 0.1038361 0.1056054 0.1225613 
0.6 0.1043931 0.1070211 0.2746373 
0.6 0.1086779 0.1077464 0.1192948 
0.6 0.1040622 0.1088754 0.1379269 
0.6 0.1057449 0.1095527 0.1084463 
0.6 0.1038013 0.1040568 0.1256815 
0.6 0.1019785 0.1060157 0.1312927 
0.6 0.1005278 0.1078828 0.1276268 
0.6 0.1097299 0.1081829 1.595758 
0.6 0.1072804 0.1069213 0.1117687 
0.6 0.1056215 0.1102995 0.1089765 
0.6 0.1018834 0.105759 0.1075965 
0.6 0.1077604 0.1140221 0.2837197 
0.6 0.1098505 0.106946 0.1176161 
0.6 0.1026203 0.1083229 0.1113977 
0.6 0.1008373 0.1100041 0.1101183 
0.6 0.1032277 0.1078345 0.1115768 
0.6 0.1011462 0.1033123 0.1144305 
0.6 0.09784678 0.1081958 0.1109048 
0.6 0.1047818 0.1056836 0.114114 
0.6 0.1025328 0.1055338 0.1069617 
0.6 0.1035216 0.1085278 0.115073 
0.6 0.1018399 0.1032438 0.114132 
0.6 0.1019388 0.107692 0.1200195 
0.6 0.1034575 0.1097251 0.2783711 
0.6 0.1083755 0.1079084 0.1125445 
0.6 0.1067088 0.1092785 0.1234767 
0.6 0.1037163 0.1038643 0.1065714 
0.6 0.1046522 0.1106711 1.446876e+65 
0.6 0.1051263 0.1076788 0.1151007 
0.6 0.1030532 0.1044869 0.2781553 
0.6 0.1053522 0.1087383 0.1755056 
0.6 0.1021039 0.1023896 0.1529355 
0.6 0.1073812 0.105569 0.1072323 
0.6 0.106176 0.1091372 0.1426019 
0.6 0.1033379 0.1043745 0.1198116 
0.6 0.1051432 0.1069107 0.1290488 
0.6 0.1096821 0.114826 0.1214502 
0.6 0.1021156 0.1081267 0.2782589 
0.6 0.1009358 0.1017542 0.1032515 
0.6 0.1038557 0.1078477 0.1054757 
0.6 0.1066879 0.1098947 0.1600873 
0.6 0.1068167 0.1090856 0.1206859 
0.6 0.1044777 0.1044123 0.1099008 
0.6 0.1019249 0.1047417 0.1171294 
0.6 0.1011636 0.1104715 0.2769794 
0.6 0.104474 0.1062016 0.3586598 
