0.7 0.50535 0.1196504 0.1320868 
0.7 0.1159239 0.1207034 0.1299991 
0.7 0.1178831 0.1245419 0.1376527 
0.7 0.1154528 0.125024 0.1412474 
0.7 0.122273 0.1309901 0.1673136 
0.7 0.1080563 0.1174739 0.1459618 
0.7 0.1130469 0.1172135 0.1232807 
0.7 0.1099086 0.1198342 0.1204443 
0.7 0.1169399 0.1253368 0.1304675 
0.7 0.1181794 0.1215107 0.2289771 
0.7 0.1199408 0.1274233 0.1300361 
0.7 0.1154739 0.1213782 0.1319297 
0.8 0.1411297 0.147535 0.2766965 
0.7 0.1214028 0.1256771 0.2806123 
0.7 0.1182991 0.1236144 0.1313595 
0.7 0.1212686 0.1276397 0.1541647 
0.7 0.1175688 0.1222734 0.1381811 
0.7 0.1226722 0.1257415 0.1315862 
0.7 0.1141636 0.1203203 0.2797119 
0.7 0.1196849 0.1226806 0.2760212 
0.7 0.1172701 0.1193475 0.1283073 
0.7 0.1175609 0.1274786 0.1405427 
0.7 0.1163861 0.1232702 0.1330137 
0.7 0.1220194 0.1284121 0.1489379 
0.7 0.1129673 0.1231976 0.1348547 
0.7 0.1184556 0.1294082 0.1322551 
0.7 0.1213125 0.1264183 0.1355581 
0.7 0.1161394 0.1186413 0.1275229 
0.7 0.1162492 0.1207844 0.2759955 
0.7 0.1156676 0.1236012 0.6270685 
0.7 0.1234305 0.1310004 0.1429965 
0.7 0.1148631 0.1163508 0.2739811 
0.7 0.1206854 0.1219542 0.1346997 
0.7 0.1137745 0.1207508 0.2773826 
0.7 0.1162888 0.1190848 0.2754337 
0.7 0.1187311 0.1238729 0.1419975 
0.7 0.1153544 0.1166493 0.2818604 
0.7 0.1170492 0.1231208 0.1276494 
0.7 0.1196191 0.1265693 0.1364531 
0.7 0.1211806 0.122109 0.1325782 
0.7 0.1171823 0.1194735 0.1214943 
0.7 0.1191818 0.1233749 0.1292089 
0.7 0.1151552 0.1209576 0.1348567 
0.7 0.1163462 0.1186193 0.1301184 
0.7 0.1215634 0.1216395 0.1264852 
0.7 0.1232156 0.1238522 0.129464 
0.7 0.1216676 0.1248558 0.1464047 
0.7 0.1204873 0.1227468 0.2731212 
0.7 0.1127954 0.1199636 0.1220046 
0.7 0.1210359 0.1196629 0.1351422 
0.7 0.1152522 0.1208574 0.1308036 
0.7 0.1155731 0.1249167 0.1593595 
0.7 0.116736 0.1174654 0.2775303 
0.7 0.1107083 0.1221778 0.1296178 
0.7 0.1191503 0.1203394 0.1259377 
0.7 0.1176773 0.118842 0.1253791 
0.7 0.1162283 0.1226204 0.1346742 
0.7 0.1216999 0.1217928 0.1268965 
0.7 0.1163957 0.1177739 0.2754433 
0.7 0.1164658 0.1217408 0.1406859 
0.7 0.1209369 0.1266163 0.2769623 
0.7 0.1203066 0.1279305 0.2764961 
0.7 0.1120053 0.124251 0.1267827 
0.7 0.1289126 0.1351327 0.1314093 
0.7 0.1157327 0.1261948 0.2780201 
0.7 0.1155567 0.1203518 0.2802399 
0.7 0.1168453 0.1222615 1.163998 
0.7 0.1191636 0.1230541 0.1345676 
0.7 0.117249 0.1183632 0.1299287 
0.7 0.1140607 0.119063 0.1249674 
0.7 0.1146096 0.1249003 0.1248316 
0.7 0.1175567 0.1270024 0.131129 
0.7 0.1179425 0.1193285 0.1278739 
0.7 0.11489 0.1160147 0.1272419 
0.7 0.1150661 0.1197836 0.1289581 
0.7 0.1097515 0.1259315 0.1418626 
0.7 0.1195679 0.1295513 0.2794804 
0.7 0.1183344 0.1231511 0.1296703 
0.7 0.1203275 0.1292065 0.1655672 
0.7 0.1149193 0.11827 0.2742068 
0.7 0.1194563 0.1252093 0.1247574 
0.7 0.1181191 0.1262878 1.023787 
0.7 0.1100047 0.1197039 8.667308e+149 
0.7 0.1189416 0.1274847 0.27756 
0.7 0.1190543 0.1225926 0.13028 
0.7 0.114639 0.1188519 0.2774918 
0.7 0.1168989 0.1266065 1.187974e+141 
0.7 0.1145456 0.126796 0.1356287 
0.7 0.1245225 0.1285203 0.1383055 
0.7 0.1213652 0.1217615 0.1325971 
0.7 0.1162218 0.1215886 0.1913511 
0.7 0.1219191 0.128867 0.1310741 
0.7 0.1172783 0.1240467 0.1646976 
0.7 0.1183892 0.1257995 0.2834282 
0.7 0.1124443 0.1178208 0.1336317 
0.7 0.1151947 0.1160216 0.1720433 
0.7 0.1152273 0.1224537 0.1226424 
0.7 0.1129891 0.1177637 0.1267893 
0.7 0.1124058 0.1184013 0.1586153 
0.8 0.1451726 0.1522059 0.2793409 
0.8 0.1420206 0.1444891 0.1415609 
0.8 0.1424728 0.1373159 0.1562957 
0.8 0.1396252 0.1436024 0.1449013 
0.8 0.1331665 0.1475873 0.2774801 
0.8 0.139759 0.1413755 2.644256 
0.8 0.14076 0.1413679 0.2738812 
0.8 0.1320242 0.1374182 0.2819225 
0.7 0.1171674 0.1261847 0.202621 
0.8 0.1421923 0.1457311 0.2771398 
0.8 0.1396304 0.1429908 0.2785444 
0.8 0.1544603 0.1394511 0.1412485 
0.8 0.1427635 0.1415829 0.2809617 
0.8 0.1394918 0.144714 0.142407 
0.8 0.1351941 0.1481281 0.278009 
0.8 0.1349236 0.1545295 0.1590689 
0.8 0.1338532 0.1474049 0.1790257 
0.8 0.142212 0.1488188 0.2827946 
0.8 0.1413107 0.145533 0.1639565 
0.8 0.1383044 0.1459784 0.1630349 
0.8 0.1374976 0.1416081 0.2759135 
0.8 0.1427708 0.1436479 0.1550275 
0.8 0.1286128 0.1356489 0.2807113 
0.8 0.136655 0.1354042 0.2783765 
0.8 0.1352694 0.1464506 0.2297263 
0.8 0.1309985 0.1438087 0.1492575 
0.8 0.1357274 0.1365935 0.2757506 
0.8 0.1402136 0.1446553 0.1466196 
0.8 0.1347369 0.1454096 0.1533282 
0.8 0.1368074 0.1416686 0.1489774 
0.8 0.1365747 0.1387878 0.2777673 
0.8 0.1297738 0.1422673 0.1389386 
0.8 0.1410999 0.1530702 0.1569397 
0.8 0.132315 0.1393694 0.27643 
0.8 0.1406803 0.1484601 0.279209 
0.8 0.1393011 0.1425429 1.378566 
0.8 0.1369441 0.1463407 0.1507877 
0.8 0.1399549 0.1454011 0.276331 
0.8 0.1377997 0.144135 0.1437221 
0.8 0.1482995 0.141731 0.2759238 
0.8 0.1431458 0.1487171 0.281127 
0.8 0.1442024 0.1461764 0.2818763 
0.8 0.1373483 0.1424716 0.2795854 
0.8 0.1462198 0.1412176 0.2809255 
0.8 0.1355969 0.1401373 0.1408328 
0.8 0.147078 0.1497108 0.1499557 
0.8 0.1366037 0.1442063 0.2826528 
0.8 0.1366697 0.1440825 0.1451023 
0.8 0.1418292 0.144063 0.1548947 
0.8 0.1327249 0.1417134 0.2805898 
0.8 0.1390445 0.1488043 0.1560695 
0.8 0.1301447 0.1441078 0.1471882 
0.8 0.1314254 0.1364115 0.1472269 
0.8 0.1391172 0.1505586 0.1527439 
0.8 0.1394502 0.1477464 3.378867e+143 
0.8 0.1428694 0.1473505 0.2852526 
0.8 0.1463273 0.1435549 3.628253e+140 
0.8 0.1420281 0.153702 0.2779496 
0.8 0.14201 0.1486105 0.150668 
0.8 0.1607578 0.1451223 0.2779357 
0.8 0.1377247 0.1474423 0.2805798 
0.8 0.136377 0.1458859 0.4925911 
0.8 0.1346002 0.1381769 0.2770704 
0.8 0.1369439 0.1457766 0.1457949 
0.8 0.1378862 0.1369748 0.1471596 
0.8 0.1493884 0.1455536 0.1659583 
0.8 0.1388491 0.1494801 0.2771759 
0.8 0.1510767 0.1521525 0.1524468 
0.8 0.1275358 0.1473243 0.1546544 
0.8 0.1407492 0.1444299 0.1393848 0.8 0.1337107 0.1414994 0.2784952 
0.8 0.1389568 0.1445352 0.2852186 
0.8 0.1370584 0.1372779 0.1471039 
0.8 0.1330797 0.1492639 0.1633438 
0.8 0.1355639 0.1425098 0.2787588 
0.8 0.1401458 0.1383619 0.1413203 
0.8 0.1460086 0.1445564 0.1958583 
0.8 0.145546 0.1466949 0.2806679 
0.8 0.1463923 0.1454648 0.2814537 
0.8 0.1390214 0.1396781 0.1385608 
0.8 0.1443392 0.1572311 0.1570431 
0.8 0.1316232 0.1465807 0.1448414 
0.8 0.140658 0.14907 0.158789 
0.8 0.140039 0.140741 0.1481109 
0.8 0.1343381 0.1363184 0.2776382 
0.8 0.1387747 0.1506374 0.2814021 
0.8 0.1357166 0.1501631 0.2819334 
0.8 0.1304709 0.1342273 114.0772 
0.8 0.1438473 0.1385752 0.1590359 
0.8 0.1416634 0.1411027 0.2710048 
0.8 0.1343555 0.1487889 0.2802312 
0.8 0.1381539 0.1501231 0.2795801 
0.8 0.1358867 0.1381597 0.1400431 
0.9 0.1780996 0.1764785 5.636136 
0.9 0.1730067 0.1931838 0.2781541 
0.9 0.1923481 0.1882361 0.2821084 
0.9 0.1660493 0.1776555 0.2829257 
0.9 0.1805748 0.1854374 0.2780199 
0.9 0.1831806 0.1879016 0.2869132 
0.9 0.1719017 0.1832511 0.2827109 
0.9 0.20386 0.1945215 0.202907 
0.9 0.1717291 0.1955546 0.2931409 
0.9 0.1598513 0.1836406 0.2811856 
0.9 0.2020526 0.1773733 0.2788474 
0.9 0.1913925 0.1899385 0.1908104 
0.9 0.1934804 0.1887278 0.2857076 
0.9 0.1851986 0.1899967 0.277112 
0.9 0.1808375 0.1892274 0.2918211 
0.9 0.1818638 0.1902958 0.2841802 
0.9 0.1777965 0.1703308 0.6489473 
0.9 0.1796331 0.1785287 0.2844266 
0.9 0.17561 0.1849446 0.2825836 
0.9 0.1729064 0.1847486 0.2904406 
0.9 0.1747357 0.1722742 0.1715327 
0.9 0.1896482 0.1787504 0.1790976 
0.9 0.1778284 0.1888176 0.2858535 
0.9 0.1645122 0.1885785 0.2883486 
0.9 0.1886326 0.1689466 0.1677702 
0.9 0.1788789 0.1770337 0.1837057 
0.9 0.181694 0.1779132 0.179733 

0.9 0.1849062 0.1996049 0.2829966 
0.9 0.1746565 0.188651 0.1850212 
0.9 0.1695383 0.1856024 0.2896917 
0.9 0.2117482 0.1711532 0.2853687 
0.9 0.1596532 0.1691323 0.2848836 
0.9 0.1941448 0.1777502 0.2868816 
0.9 0.1771688 0.1861268 0.2861063 
0.9 0.1967871 0.1767242 0.2778415 
0.9 0.1854712 0.18141 0.1799615 
0.9 0.1628669 0.1766331 0.2841435 
0.9 0.1702776 0.1753415 0.2844247 
0.9 0.1638369 0.1815073 2.33739 
0.9 0.169748 0.1824999 0.2856971 
0.9 0.1793708 0.1875647 0.2859083 
0.9 0.2083659 0.1806323 0.1874066 
0.9 0.2130805 0.1957796 0.2891425 
0.9 0.1899895 0.1871547 0.1923013 
0.9 0.1816133 0.1959029 0.292502 
0.9 0.173181 0.1777978 0.1795836 
0.9 0.1754341 0.1877222 0.1924272 
0.9 0.1727599 0.1701678 0.2790199 
0.9 0.1595149 0.1776019 0.1763088 
0.9 0.166443 0.1815171 74.80866 
0.9 0.1681477 0.1922823 0.1739654 
0.9 0.1934474 0.1883264 0.2815446 
